# args=-d -p -h 3 -l 30 -best 50 -noscore -noidentity -absolute /tmp/170884098974144.fas
25466  89020   P 25466 133170   0    0.00e+00
   95  95602   D    95  95620  -3    1.69e-41
   95  95602   P    95 151941  -3    1.69e-41
   95  95620   P    95 151959  -3    1.69e-41
   95 151941   D    95 151959  -3    1.69e-41
   70  95627   D    70  95645  -2    1.10e-28
   70  95627   P    70 151941  -2    1.10e-28
   70  95645   P    70 151959  -2    1.10e-28
   70  95609   D    70  95645  -3    7.51e-27
   70  95609   P    70 151941  -3    7.51e-27
   70  95645   P    70 151977  -3    7.51e-27
   70 151941   D    70 151977  -3    7.51e-27
   58  15421   P    58  15421   0    8.52e-26
   59  95602   D    59  95656  -3    1.87e-20
   59  95602   P    59 151941  -3    1.87e-20
   59  95656   P    59 151995  -3    1.87e-20
   59 151941   D    59 151995  -3    1.87e-20
   52  95627   D    52  95663  -1    5.44e-20
   52  95627   P    52 151941  -1    5.44e-20
   52  95663   P    52 151977  -1    5.44e-20
   46  95651   D    46  95669   0    1.43e-18
   46  95651   P    46 151941   0    1.43e-18
   46  95669   P    46 151959   0    1.43e-18
   52  41474   D    52  43698  -3    2.08e-16
   42  10815   P    42  10815   0    3.66e-16
   48 151952   D    48 152006  -2    9.07e-16
   48 151988   D    48 152006  -2    9.07e-16
   48 151970   D    48 152006  -3    4.17e-14
   42 102658   D    42 125282  -1    4.61e-14
   42 125282   P    42 144956  -1    4.61e-14
   39  46447   D    39 102660  -1    2.74e-12
   39  46447   P    39 144957  -1    2.74e-12
   41  95602   D    41  95674  -2    1.08e-11
   41  95602   P    41 151941  -2    1.08e-11
   41  95674   P    41 152013  -2    1.08e-11
   41 151941   D    41 152013  -2    1.08e-11
   42  46444   D    42 125281  -3    1.13e-10
   40  95627   D    40  95681  -3    1.56e-09
   40  95627   P    40 151935  -3    1.56e-09
   40  95681   P    40 151989  -3    1.56e-09
   37  49667   P    37  49667  -3    7.86e-08
   34  95651   D    34  95687  -2    1.21e-07
   34  95651   P    34 151935  -2    1.21e-07
   34  95687   P    34 151971  -2    1.21e-07
   31  67416   P    31  67416  -1    1.43e-07
   30   8933   P    30  48196  -1    5.53e-07
   30 152006   D    30 152024  -1    5.53e-07
   34   8929   D    34  38183  -3    3.87e-06
   30  46459   D    30 102672  -2    2.40e-05
   30  46459   P    30 144954  -2    2.40e-05